4AOP-v1-5 : 0 0 0 0 0 0 0
ACCESS-CM2 : 108000 50 27648 85 20 5 444
ACCESS-ESM1-5 : 108000 50 27840 38 10 5 445
ARTS-2-3 : 0 0 0 0 0 0 0
AWI-CM-1-1-HR : 1306775 46 73728 95 20 5 1200
AWI-CM-1-1-LR : 126859 46 18432 47 10 5 600
AWI-CM-1-1-MR : 830305 46 73728 95 20 5 1000
AWI-ESM-1-1-LR : 126859 46 18432 47 10 5 600
AWI-ESM-2-1-LR : 126858 48 18432 47 10 5 200
BCC-CSM2-HR : 83520 40 320000 56 20 5 632
BCC-CSM2-MR : 83520 40 51200 46 10 5 392
BCC-ESM1 : 83520 40 8192 26 10 5 296
BESM-2-9 : 69120 50 18432 42 10 5 288
BNU-ESM-1-1 : 72000 50 13824 26 10 5 296
