4AOP-v1-5 : 0 0 0 0 0 0 0
ACCESS-CM2 : 108000 50 27648 85 20 5 444
ACCESS-ESM1-5 : 108000 50 27840 38 10 5 445
ARTS-2-3 : 0 0 0 0 0 0 0
AWI-CM-1-1-HR : 1306775 46 73728 95 20 5 1200
AWI-CM-1-1-LR : 126859 46 18432 47 10 5 600
AWI-CM-1-1-MR : 830305 46 73728 95 20 5 1000
AWI-ESM-1-1-LR : 126859 46 18432 47 10 5 600
AWI-ESM-2-1-LR : 126858 48 18432 47 10 5 200
BCC-CSM2-HR : 83520 40 320000 56 20 5 632
BCC-CSM2-MR : 83520 40 51200 46 10 5 392
BCC-ESM1 : 83520 40 8192 26 10 5 296
BESM-2-9 : 69120 50 18432 42 10 5 288
BNU-ESM-1-1 : 72000 50 13824 26 10 5 296
CAMS-CSM1-0 : 72000 50 51200 31 10 5 360
CAS-ESM2-0 : 70952 30 32768 35 10 5 324
CESM1-1-CAM5-CMIP5 : 12288 60 55296 32 10 5 576
CESM1-WACCM-SC : 122880 60 13824 66 20 5 480
CESM2 : 12288 60 55296 32 10 5 576
CESM2-FV2 : 12288 60 13824 32 10 5 480
CESM2-SE : 122880 60 777602 30 10 5 200
CESM2-WACCM : 122880 60 55296 70 20 5 576
CESM2-WACCM-FV2 : 12288 60 13824 70 20 5 480
CIESM : 403200 46 55296 30 10 5 752
CMCC-CM2-HR4 : 1515542 50 55296 26 10 5 1243
CMCC-CM2-SR5 : 105704 50 55296 30 10 5 484
CMCC-CM2-VHR4 : 1515542 50 884736 26 10 5 1819
CMCC-ESM2 : 105704 50 55296 30 10 5 484
CNRM-CM6-1 : 106428 75 24572 91 20 5 200
CNRM-CM6-1-HR : 1514100 75 181724 91 20 5 200
CNRM-ESM2-1 : 106428 75 24572 91 20 5 200
CNRM-ESM2-1-HR : 1514100 75 181724 91 20 5 200
CSIRO-Mk3L-1-3 : 14336 31 3584 18 10 5 168
CanESM5 : 104690 45 8192 49 10 5 354
CanESM5-CanOE : 104690 45 8192 49 10 5 354
E3SM-1-0 : 235160 60 8100 72 20 5 800
E3SM-1-1 : 235160 60 8100 72 20 5 200
E3SM-1-1-ECA : 235160 60 8100 72 20 5 200
EC-Earth3 : 105704 75 131072 91 20 5 548
EC-Earth3-AerChem : 105704 75 131072 91 20 5 548
EC-Earth3-CC : 105704 75 131072 91 20 5 548
EC-Earth3-GrIS : 105704 75 131072 91 20 5 548
EC-Earth3-HR : 2770082 75 524288 91 20 5 2433
EC-Earth3-LR : 105704 75 51200 62 20 5 452
EC-Earth3-Veg : 105704 75 131072 91 20 5 548
EC-Earth3-Veg-LR : 105704 75 51200 62 20 5 452
EC-Earth3P : 105704 75 131072 91 20 5 548
EC-Earth3P-HR : 2770082 75 524288 91 20 5 2433
EC-Earth3P-VHR : 13220998 75 3276800 91 20 5 4339
ECMWF-IFS-HR : 1472282 75 1280000 91 20 5 1821
ECMWF-IFS-LR : 105704 75 320000 91 20 5 692
ECMWF-IFS-MR : 1472282 75 320000 91 20 5 1421
EMAC-2-53-Vol : 56320 40 8192 47 10 5 284
EMAC-2-54-AerChem : 56320 40 8192 47 10 5 284
FGOALS-f3-H : 8287200 55 1036800 32 10 5 3022
FGOALS-f3-L : 78480 30 64800 32 10 5 398
FGOALS-g3 : 78480 30 14400 26 10 5 298
FIO-ESM-2-0 : 122880 60 55296 26 10 5 672
GFDL-AM4 : 0 0 64800 33 10 5 180
GFDL-CM4 : 1555200 75 64800 33 10 5 1260
GFDL-CM4C192 : 1555200 75 259200 33 10 5 1440
GFDL-ESM2M : 72000 50 12960 24 10 5 290
GFDL-ESM4 : 414720 75 64800 49 10 5 756
GFDL-GLOBAL-LBL : 0 0 0 0 0 0 0
GFDL-GRTCODE : 0 0 0 0 0 0 0
GFDL-OM4p5B : 414720 75 0 0 0 0 576
GFDL-RFM-DISORT : 0 0 0 0 0 0 0
GISS-E2-1-G : 64800 40 12960 40 10 5 270
GISS-E2-1-G-CC : 64800 40 12960 40 10 5 270
GISS-E2-1-H : 64800 32 12960 40 10 5 270
GISS-E2-2-G : 64800 40 12960 102 20 5 270
GISS-E3-G : 64800 32 8100 102 20 5 270
HadGEM3-GC31-HH : 15569280 75 786432 85 20 5 4372
HadGEM3-GC31-HM : 1735200 75 786432 85 20 5 1973
HadGEM3-GC31-LL : 118800 75 27648 85 20 5 474
HadGEM3-GC31-LM : 1735200 75 27648 85 20 5 1349
HadGEM3-GC31-MH : 15569280 75 139968 85 20 5 3928
HadGEM3-GC31-MM : 1735200 75 139968 85 20 5 1529
HiRAM-SIT-HR : 1555200 50 1179648 32 10 5 1848
HiRAM-SIT-LR : 1555200 50 294912 32 10 5 1464
ICON-ESM-LR : 259200 40 64800 47 10 5 200
IITM-ESM : 72000 50 18048 64 20 5 294
INM-CM4-8 : 114480 40 21600 21 10 5 438
INM-CM5-0 : 518400 40 21600 73 20 5 840
INM-CM5-H : 311040 40 194400 73 20 5 1800
IPSL-CM5A2-INCA : 27118 31 9216 39 10 5 245
IPSL-CM6A-ATM-HR : 0 0 184320 79 20 5 360
IPSL-CM6A-LR : 120184 75 20592 79 20 5 475
IPSL-CM6A-LR-INCA : 120184 75 20592 79 20 5 475
IPSL-CM7A-ATM-HR : 0 0 256000 79 20 5 200
IPSL-CM7A-ATM-LR : 0 0 16000 79 20 5 200
KACE-1-0-G : 72000 50 27648 85 20 5 344
KIOST-ESM : 72000 52 18432 32 10 5 296
LBLRTM-12-8 : 0 0 0 0 0 0 0
MCM-UA-1-0 : 15360 18 7680 14 10 5 160
MIROC-ES2H : 92160 63 32768 81 20 5 384
MIROC-ES2H-NB : 92160 63 32768 81 20 5 384
MIROC-ES2L : 92160 63 8192 40 10 5 320
MIROC6 : 92160 63 32768 81 20 5 384
MPI-ESM-1-2-HAM : 56320 40 18432 47 10 5 316
MPI-ESM1-2-HR : 324008 40 73728 95 20 5 596
MPI-ESM1-2-LR : 56320 40 18432 47 10 5 316
MPI-ESM1-2-XR : 324008 40 294912 95 20 5 788
MRI-AGCM3-2-H : 0 0 204800 64 20 5 320
MRI-AGCM3-2-S : 0 0 1843200 64 20 5 960
MRI-ESM2-0 : 131040 61 51200 80 20 5 524
NESM3 : 139008 46 18432 47 10 5 458
NICAM16-7S : 0 0 163842 38 10 5 200
NICAM16-8S : 0 0 655362 38 10 5 200
NICAM16-9D-L78 : 0 0 2621442 78 20 5 200
NICAM16-9S : 0 0 2621442 38 10 5 200
NorCPM1 : 122880 53 13824 26 10 5 480
NorESM1-F : 138240 70 13824 32 10 5 480
NorESM2-HH : 1658880 70 884736 32 10 5 1920
NorESM2-LM : 138240 70 13824 32 10 5 480
NorESM2-LME : 138240 70 13824 32 10 5 480
NorESM2-LMEC : 138240 70 13824 32 10 5 480
NorESM2-MH : 1658880 70 55296 32 10 5 1344
NorESM2-MM : 138240 70 55296 32 10 5 576
PCMDI-test-1-0 : 64800 50 64800 50 20 5 360
RRTMG-LW-4-91 : 0 0 0 0 0 0 0
RRTMG-SW-4-02 : 0 0 0 0 0 0 0
RTE-RRTMGP-181204 : 0 0 0 0 0 0 0
SAM0-UNICON : 122880 60 55296 30 10 5 576
TaiESM1 : 12288 60 55296 30 10 5 576
UKESM1-0-LL : 118800 75 27648 85 20 5 474
UKESM1-0-MMh : 1735200 75 139968 85 20 5 1529
UKESM1-ice-LL : 118800 75 27648 85 20 5 474
UofT-CCSM4 : 122880 60 55296 26 10 5 512
VRESM-1-0 : 147456 35 36864 35 10 5 576
4AOP-v1-5 : 0 0 0 0 0 0 0
ACCESS-CM2 : 108000 50 27648 85 20 5 444
ACCESS-ESM1-5 : 108000 50 27840 38 10 5 445
ARTS-2-3 : 0 0 0 0 0 0 0
AWI-CM-1-1-HR : 1306775 46 73728 95 20 5 1200
AWI-CM-1-1-LR : 126859 46 18432 47 10 5 600
AWI-CM-1-1-MR : 830305 46 73728 95 20 5 1000
AWI-ESM-1-1-LR : 126859 46 18432 47 10 5 600
AWI-ESM-2-1-LR : 126858 48 18432 47 10 5 200
BCC-CSM2-HR : 83520 40 320000 56 20 5 632
BCC-CSM2-MR : 83520 40 51200 46 10 5 392
BCC-ESM1 : 83520 40 8192 26 10 5 296
BESM-2-9 : 69120 50 18432 42 10 5 288
BNU-ESM-1-1 : 72000 50 13824 26 10 5 296
CAMS-CSM1-0 : 72000 50 51200 31 10 5 360
CAS-ESM2-0 : 70952 30 32768 35 10 5 324
CESM1-1-CAM5-CMIP5 : 12288 60 55296 32 10 5 576
CESM1-WACCM-SC : 122880 60 13824 66 20 5 480
CESM2 : 12288 60 55296 32 10 5 576
CESM2-FV2 : 12288 60 13824 32 10 5 480
CESM2-SE : 122880 60 777602 30 10 5 200
CESM2-WACCM : 122880 60 55296 70 20 5 576
CESM2-WACCM-FV2 : 12288 60 13824 70 20 5 480
CIESM : 403200 46 55296 30 10 5 752
CMCC-CM2-HR4 : 1515542 50 55296 26 10 5 1243
CMCC-CM2-SR5 : 105704 50 55296 30 10 5 484
CMCC-CM2-VHR4 : 1515542 50 884736 26 10 5 1819
CMCC-ESM2 : 105704 50 55296 30 10 5 484
CNRM-CM6-1 : 106428 75 24572 91 20 5 200
CNRM-CM6-1-HR : 1514100 75 181724 91 20 5 200
CNRM-ESM2-1 : 106428 75 24572 91 20 5 200
CNRM-ESM2-1-HR : 1514100 75 181724 91 20 5 200
CSIRO-Mk3L-1-3 : 14336 31 3584 18 10 5 168
CanESM5 : 104690 45 8192 49 10 5 354
CanESM5-CanOE : 104690 45 8192 49 10 5 354
E3SM-1-0 : 235160 60 8100 72 20 5 800
E3SM-1-1 : 235160 60 8100 72 20 5 200
E3SM-1-1-ECA : 235160 60 8100 72 20 5 200
EC-Earth3 : 105704 75 131072 91 20 5 548
EC-Earth3-AerChem : 105704 75 131072 91 20 5 548
EC-Earth3-CC : 105704 75 131072 91 20 5 548
EC-Earth3-GrIS : 105704 75 131072 91 20 5 548
EC-Earth3-HR : 2770082 75 524288 91 20 5 2433
EC-Earth3-LR : 105704 75 51200 62 20 5 452
EC-Earth3-Veg : 105704 75 131072 91 20 5 548
EC-Earth3-Veg-LR : 105704 75 51200 62 20 5 452
EC-Earth3P : 105704 75 131072 91 20 5 548
EC-Earth3P-HR : 2770082 75 524288 91 20 5 2433
EC-Earth3P-VHR : 13220998 75 3276800 91 20 5 4339
ECMWF-IFS-HR : 1472282 75 1280000 91 20 5 1821
ECMWF-IFS-LR : 105704 75 320000 91 20 5 692
ECMWF-IFS-MR : 1472282 75 320000 91 20 5 1421
EMAC-2-53-Vol : 56320 40 8192 47 10 5 284
EMAC-2-54-AerChem : 56320 40 8192 47 10 5 284
FGOALS-f3-H : 8287200 55 1036800 32 10 5 3022
FGOALS-f3-L : 78480 30 64800 32 10 5 398
FGOALS-g3 : 78480 30 14400 26 10 5 298
FIO-ESM-2-0 : 122880 60 55296 26 10 5 672
GFDL-AM4 : 0 0 64800 33 10 5 180
GFDL-CM4 : 1555200 75 64800 33 10 5 1260
GFDL-CM4C192 : 1555200 75 259200 33 10 5 1440
GFDL-ESM2M : 72000 50 12960 24 10 5 290
GFDL-ESM4 : 414720 75 64800 49 10 5 756
GFDL-GLOBAL-LBL : 0 0 0 0 0 0 0
GFDL-GRTCODE : 0 0 0 0 0 0 0
GFDL-OM4p5B : 414720 75 0 0 0 0 576
GFDL-RFM-DISORT : 0 0 0 0 0 0 0
GISS-E2-1-G : 64800 40 12960 40 10 5 270
GISS-E2-1-G-CC : 64800 40 12960 40 10 5 270
GISS-E2-1-H : 64800 32 12960 40 10 5 270
GISS-E2-2-G : 64800 40 12960 102 20 5 270
GISS-E3-G : 64800 32 8100 102 20 5 270
HadGEM3-GC31-HH : 15569280 75 786432 85 20 5 4372
HadGEM3-GC31-HM : 1735200 75 786432 85 20 5 1973
HadGEM3-GC31-LL : 118800 75 27648 85 20 5 474
HadGEM3-GC31-LM : 1735200 75 27648 85 20 5 1349
HadGEM3-GC31-MH : 15569280 75 139968 85 20 5 3928
HadGEM3-GC31-MM : 1735200 75 139968 85 20 5 1529
HiRAM-SIT-HR : 1555200 50 1179648 32 10 5 1848
HiRAM-SIT-LR : 1555200 50 294912 32 10 5 1464
ICON-ESM-LR : 259200 40 64800 47 10 5 200
IITM-ESM : 72000 50 18048 64 20 5 294
INM-CM4-8 : 114480 40 21600 21 10 5 438
INM-CM5-0 : 518400 40 21600 73 20 5 840
INM-CM5-H : 311040 40 194400 73 20 5 1800
IPSL-CM5A2-INCA : 27118 31 9216 39 10 5 245
IPSL-CM6A-ATM-HR : 0 0 184320 79 20 5 360
IPSL-CM6A-LR : 120184 75 20592 79 20 5 475
IPSL-CM6A-LR-INCA : 120184 75 20592 79 20 5 475
IPSL-CM7A-ATM-HR : 0 0 256000 79 20 5 200
IPSL-CM7A-ATM-LR : 0 0 16000 79 20 5 200
KACE-1-0-G : 72000 50 27648 85 20 5 344
KIOST-ESM : 72000 52 18432 32 10 5 296
LBLRTM-12-8 : 0 0 0 0 0 0 0
MCM-UA-1-0 : 15360 18 7680 14 10 5 160
MIROC-ES2H : 92160 63 32768 81 20 5 384
MIROC-ES2H-NB : 92160 63 32768 81 20 5 384
MIROC-ES2L : 92160 63 8192 40 10 5 320
MIROC6 : 92160 63 32768 81 20 5 384
MPI-ESM-1-2-HAM : 56320 40 18432 47 10 5 316
MPI-ESM1-2-HR : 324008 40 73728 95 20 5 596
MPI-ESM1-2-LR : 56320 40 18432 47 10 5 316
MPI-ESM1-2-XR : 324008 40 294912 95 20 5 788
MRI-AGCM3-2-H : 0 0 204800 64 20 5 320
MRI-AGCM3-2-S : 0 0 1843200 64 20 5 960
MRI-ESM2-0 : 131040 61 51200 80 20 5 524
NESM3 : 139008 46 18432 47 10 5 458
NICAM16-7S : 0 0 163842 38 10 5 200
NICAM16-8S : 0 0 655362 38 10 5 200
NICAM16-9D-L78 : 0 0 2621442 78 20 5 200
NICAM16-9S : 0 0 2621442 38 10 5 200
NorCPM1 : 122880 53 13824 26 10 5 480
NorESM1-F : 138240 70 13824 32 10 5 480
NorESM2-HH : 1658880 70 884736 32 10 5 1920
NorESM2-LM : 138240 70 13824 32 10 5 480
NorESM2-LME : 138240 70 13824 32 10 5 480
NorESM2-LMEC : 138240 70 13824 32 10 5 480
NorESM2-MH : 1658880 70 55296 32 10 5 1344
NorESM2-MM : 138240 70 55296 32 10 5 576
PCMDI-test-1-0 : 64800 50 64800 50 20 5 360
RRTMG-LW-4-91 : 0 0 0 0 0 0 0
RRTMG-SW-4-02 : 0 0 0 0 0 0 0
RTE-RRTMGP-181204 : 0 0 0 0 0 0 0
SAM0-UNICON : 122880 60 55296 30 10 5 576
TaiESM1 : 12288 60 55296 30 10 5 576
UKESM1-0-LL : 118800 75 27648 85 20 5 474
UKESM1-0-MMh : 1735200 75 139968 85 20 5 1529
UKESM1-ice-LL : 118800 75 27648 85 20 5 474
UofT-CCSM4 : 122880 60 55296 26 10 5 512
VRESM-1-0 : 147456 35 36864 35 10 5 576
